# Created by Octave 4.2.2, Tue May 22 13:09:04 2018 GMT <unknown@unknown>
# name: E_T_sd
# type: matrix
# rows: 1
# columns: 8
 1.5 1.6875 1.8375 1.953703703703704 2.041025641025641 2.104863221884499 2.150438321853476 2.182346513014107


# name: P
# type: matrix
# rows: 5
# columns: 5
 0 1 0 0 0
 0 0 1 0 0
 0 0 0 1 0
 0 0 0 0 1
 1 0 0 0 0


# name: Q
# type: matrix
# rows: 1
# columns: 5
 1.603026756657101 0.4695641021530372 0.4695641021530372 0.4695641021530372 4.988280936883787


# name: R
# type: matrix
# rows: 1
# columns: 5
 2.483409497317703 0.727448837671369 0.727448837671369 0.727448837671369 7.727846214981125


# name: S
# type: matrix
# rows: 1
# columns: 5
 1 0.5 0.5 0.5 1.5


# name: U
# type: matrix
# rows: 1
# columns: 5
 0.6454943328470429 0.3227471664235215 0.3227471664235215 0.3227471664235215 0.9682414992705644


# name: V
# type: matrix
# rows: 1
# columns: 5
 1 1 1 1 1


# name: W
# type: scalar
8


# name: X
# type: matrix
# rows: 1
# columns: 5
 0.6454943328470429 0.6454943328470429 0.6454943328470429 0.6454943328470429 0.6454943328470429


# name: ans
# type: matrix
# rows: 5
# columns: 8
 1 1 1 1 1 1 1 1
 1 1 1 1 1 1 1 1
 1 1 1 1 1 1 1 1
 1 1 1 1 1 1 1 1
 1 1 1 1 1 1 1 1


# name: e
# type: matrix
# rows: 1
# columns: 8
 1 2 3 4 5 6 7 8


# name: e2
# type: matrix
# rows: 8
# columns: 5
 1 1 1 1 1
 1 1 1 1 1
 1 1 1 1 1
 1 1 1 1 1
 1 1 1 1 1
 1 1 1 1 1
 1 1 1 1 1
 1 1 1 1 1


# name: e3
# type: matrix
# rows: 8
# columns: 5
 1 0.5 0.5 0.5 1.5
 1 0.5 0.5 0.5 1.5
 1 0.5 0.5 0.5 1.5
 1 0.5 0.5 0.5 1.5
 1 0.5 0.5 0.5 1.5
 1 0.5 0.5 0.5 1.5
 1 0.5 0.5 0.5 1.5
 1 0.5 0.5 0.5 1.5


# name: gamma
# type: matrix
# rows: 1
# columns: 8
 0.25 0.4 0.4938271604938272 0.5538461538461538 0.5927051671732523 0.6180338134001253 0.6346115636797138 0.6454943328470429


# name: i
# type: scalar
8


# name: j
# type: scalar
4


# name: x
# type: scalar
2.182346513014107


